<?xml version="1.0"?>
<opencv_storage>
<images>
../data/calib/2017-06-28-151008.jpg
../data/calib/2017-06-28-151113.jpg
../data/calib/2017-06-28-160644.jpg
../data/calib/2017-06-28-151017.jpg
../data/calib/2017-06-28-151130.jpg
../data/calib/2017-06-28-160658.jpg
../data/calib/2017-06-28-151043.jpg
../data/calib/2017-06-28-151140.jpg
../data/calib/2017-06-28-160718.jpg
../data/calib/2017-06-28-151058.jpg
../data/calib/2017-06-28-160624.jpg
</images>
</opencv_storage>





