<?xml version="1.0"?>
<opencv_storage>
<calibration_Time>"Qua 28 Jun 2017 16:11:15 BRT"</calibration_Time>
<nrOfFrames>11</nrOfFrames>
<image_Width>640</image_Width>
<image_Height>480</image_Height>
<board_Width>9</board_Width>
<board_Height>6</board_Height>
<square_Size>25.</square_Size>
<FixAspectRatio>1.</FixAspectRatio>
<!-- flags:  +fix_aspectRatio +fix_principal_point +zero_tangent_dist -->
<flagValue>14</flagValue>
<Camera_Matrix type_id="opencv-matrix">
  <rows>3</rows>
  <cols>3</cols>
  <dt>d</dt>
  <data>
    5.0672933845084594e+02 0. 320. 0. 5.0672933845084594e+02 240. 0. 0.
    1.</data></Camera_Matrix>
<Distortion_Coefficients type_id="opencv-matrix">
  <rows>5</rows>
  <cols>1</cols>
  <dt>d</dt>
  <data>
    -4.2535665724960409e-01 3.9564786400784624e-01 0. 0.
    -4.1918975940267211e-01</data></Distortion_Coefficients>
<Avg_Reprojection_Error>3.8803797700725035e-01</Avg_Reprojection_Error>
<Per_View_Reprojection_Errors type_id="opencv-matrix">
  <rows>11</rows>
  <cols>1</cols>
  <dt>f</dt>
  <data>
    2.52544701e-01 3.39679033e-01 1.48749486e-01 4.41256881e-01
    7.10004449e-01 3.70302141e-01 3.75293553e-01 4.31890458e-01
    3.79392952e-01 3.48111361e-01 1.63059160e-01</data></Per_View_Reprojection_Errors>
<!-- a set of 6-tuples (rotation vector + translation vector) for each view -->
<Extrinsic_Parameters type_id="opencv-matrix">
  <rows>11</rows>
  <cols>6</cols>
  <dt>d</dt>
  <data>
    -3.8616863648492518e-02 -4.0195020818209815e-01
    2.6238718598997393e+00 1.6069372956262561e+02 6.7164079308417740e+01
    4.2550787358338755e+02 -5.5845643218398737e-02
    4.9772640919420552e-01 -1.3450538750552443e+00
    -1.1513501478960934e+02 1.0229666114000563e+02
    3.6390616080691950e+02 -1.4225408509102694e-01
    1.0455221874669508e-01 -2.7004768310186247e+00
    1.4216091249927860e+02 1.2408806633047932e+02 6.0058340395009782e+02
    1.1906415123922580e-01 4.0560196935669562e-01
    -3.0500335878169178e+00 1.0330741888495351e+02
    1.1840155659232688e+02 3.2962332172236751e+02 2.1013285881776794e-01
    -2.4904958690448095e-01 5.7059726259438254e-02
    -8.8032209973394060e+01 -4.5053196180240107e+01
    1.7596493286633122e+02 1.1348756440472522e-01 5.3483075914275602e-01
    -2.8420043094227170e+00 1.2417402913505425e+02
    7.8688167149036460e+01 3.5251304239743627e+02
    -4.5137525192222874e-02 -3.1264334078022216e-01
    2.7478597571468666e+00 1.4444820226186653e+02 4.8584793702801718e+01
    3.4537085369443486e+02 2.5466017324703810e-01 1.7702397489246208e-01
    -5.3166810767269472e-02 -1.0676028355040758e+02
    -2.8430926045122479e+01 2.9185412989718151e+02
    3.1065986377841864e-01 6.1298627050440724e-01
    -2.3061536066990129e+00 1.1887251485988758e+01
    1.2972007261200474e+02 4.0349751563357756e+02 5.1971487693927476e-01
    6.4616280459194675e-01 -2.7683794497675054e+00
    2.2272653534409709e+01 5.0452141471601337e+01 3.9592962737913234e+02
    3.8206378814589859e-01 7.5225698892256818e-02
    -1.3125673794888835e+00 -2.9546809067560736e+02
    7.7021500552336121e+01 6.5814217365561558e+02</data></Extrinsic_Parameters>
<Image_points type_id="opencv-matrix">
  <rows>11</rows>
  <cols>54</cols>
  <dt>"2f"</dt>
  <data>
    4.99542175e+02 3.14515198e+02 4.76231232e+02 3.28423187e+02
    4.52138702e+02 3.42104706e+02 4.27194061e+02 3.55595947e+02
    4.02151764e+02 3.69007721e+02 3.76790955e+02 3.81791412e+02
    3.51483459e+02 3.94298584e+02 3.26604797e+02 4.06318451e+02
    3.02116638e+02 4.17433594e+02 4.91352539e+02 2.92572876e+02
    4.67247437e+02 3.06784149e+02 4.42332703e+02 3.20727173e+02
    4.16678162e+02 3.34683441e+02 3.91100983e+02 3.48200256e+02
    3.65092010e+02 3.61553375e+02 3.39360138e+02 3.74412384e+02
    3.13687439e+02 3.86766357e+02 2.88667053e+02 3.98439270e+02
    4.82322113e+02 2.69426727e+02 4.57539062e+02 2.83744507e+02
    4.31743042e+02 2.98052094e+02 4.05669312e+02 3.12231964e+02
    3.79241211e+02 3.26152496e+02 3.52701843e+02 3.40058167e+02
    3.26227570e+02 3.52928925e+02 2.99955841e+02 3.65733307e+02
    2.74427155e+02 3.77794952e+02 4.72121735e+02 2.44641983e+02
    4.46689606e+02 2.59082428e+02 4.20528931e+02 2.73536438e+02
    3.93786591e+02 2.88345337e+02 3.66648590e+02 3.02466034e+02
    3.39525360e+02 3.16583069e+02 3.12457764e+02 3.30306488e+02
    2.85718262e+02 3.43521790e+02 2.59636475e+02 3.55969086e+02
    4.61477173e+02 2.19050537e+02 4.35556610e+02 2.33528549e+02
    4.08626160e+02 2.48277252e+02 3.81241241e+02 2.62816925e+02
    3.53477051e+02 2.77546967e+02 3.25677307e+02 2.92135559e+02
    2.97898224e+02 3.06424133e+02 2.70961487e+02 3.19721313e+02
    2.44635483e+02 3.32958221e+02 4.50108734e+02 1.92368561e+02
    4.23431549e+02 2.06793228e+02 3.96044464e+02 2.21454483e+02
    3.67726837e+02 2.36553162e+02 3.39542633e+02 2.51305695e+02
    3.11368225e+02 2.66352020e+02 2.83187103e+02 2.80878815e+02
    2.55589935e+02 2.94964050e+02 2.28800797e+02 3.08549500e+02
    1.70235123e+02 3.72788879e+02 1.69550385e+02 3.45862915e+02
    1.69616684e+02 3.16711609e+02 1.70433167e+02 2.85314575e+02
    1.71540573e+02 2.52021820e+02 1.72982178e+02 2.17025833e+02
    1.75155792e+02 1.80230804e+02 1.77751923e+02 1.42566711e+02
    1.81311325e+02 1.04368469e+02 1.96433594e+02 3.84864624e+02
    1.96532471e+02 3.57729889e+02 1.97338882e+02 3.28086334e+02
    1.98564056e+02 2.95846680e+02 2.00570084e+02 2.61749969e+02
    2.02748230e+02 2.25580170e+02 2.05590317e+02 1.87514816e+02
    2.09145020e+02 1.48502930e+02 2.13035629e+02 1.08590248e+02
    2.24432556e+02 3.97224823e+02 2.25478668e+02 3.69782104e+02
    2.27417755e+02 3.39697479e+02 2.29682449e+02 3.07134949e+02
    2.32435287e+02 2.72074158e+02 2.35430206e+02 2.35000046e+02
    2.39264084e+02 1.95552704e+02 2.43377075e+02 1.54949997e+02
    2.48015259e+02 1.13486626e+02 2.54829666e+02 4.09287079e+02
    2.56731049e+02 3.82234924e+02 2.59716400e+02 3.51698822e+02
    2.63238190e+02 3.18630737e+02 2.66820862e+02 2.83015015e+02
    2.70987183e+02 2.44845627e+02 2.75710785e+02 2.04355133e+02
    2.80602600e+02 1.62428513e+02 2.85989258e+02 1.19453499e+02
    2.86376770e+02 4.21480316e+02 2.89613159e+02 3.94321808e+02
    2.94045349e+02 3.63649200e+02 2.98676086e+02 3.30173492e+02
    3.03644836e+02 2.94162811e+02 3.08967529e+02 2.55299088e+02
    3.14670593e+02 2.13762146e+02 3.20615906e+02 1.70574249e+02
    3.26583893e+02 1.26209991e+02 3.19407928e+02 4.33294922e+02
    3.24553925e+02 4.05866791e+02 3.30376801e+02 3.75419861e+02
    3.36401154e+02 3.41843170e+02 3.42668304e+02 3.05433716e+02
    3.49281830e+02 2.66267151e+02 3.56201263e+02 2.23794846e+02
    3.63213654e+02 1.79553741e+02 3.70040497e+02 1.33956955e+02
    4.35311676e+02 3.40499634e+02 4.17587646e+02 3.32547913e+02
    3.99573517e+02 3.24374420e+02 3.81131531e+02 3.15839020e+02
    3.62788788e+02 3.07151215e+02 3.44387726e+02 2.98621094e+02
    3.25630493e+02 2.89610535e+02 3.07228088e+02 2.80793732e+02
    2.88701416e+02 2.71785400e+02 4.44479645e+02 3.22630127e+02
    4.26698730e+02 3.14586243e+02 4.08533478e+02 3.06227356e+02
    3.90259308e+02 2.97643829e+02 3.71657349e+02 2.88898193e+02
    3.53049988e+02 2.80321167e+02 3.34370850e+02 2.71428680e+02
    3.15623688e+02 2.62463165e+02 2.97299744e+02 2.53657990e+02
    4.53572540e+02 3.04648560e+02 4.35766327e+02 2.96347717e+02
    4.17715302e+02 2.87761505e+02 3.98986725e+02 2.79323669e+02
    3.80516388e+02 2.70507965e+02 3.61910492e+02 2.61614136e+02
    3.43212799e+02 2.52767578e+02 3.24468018e+02 2.43794098e+02
    3.05804047e+02 2.34888046e+02 4.62606232e+02 2.86131989e+02
    4.44943817e+02 2.77877502e+02 4.26675507e+02 2.69287872e+02
    4.08105713e+02 2.60439362e+02 3.89530914e+02 2.51600861e+02
    3.70730713e+02 2.42675400e+02 3.51955811e+02 2.33670837e+02
    3.32991394e+02 2.24894547e+02 3.14454437e+02 2.16254776e+02
    4.71527832e+02 2.67574341e+02 4.53644928e+02 2.59128815e+02
    4.35520721e+02 2.50420609e+02 4.16891785e+02 2.41453720e+02
